18, 32, 18, 30, 19, 29, 18, 33, 18, 38, 18, 30, 20, 33, 20, 31, 19, 31, 18, 31, 18, 34, 18, 37, 17, 35, 20, 33, 20, 34, 19, 32, 20, 34, 19, 40, 20, 34, 20, 36, 18, 32, 18, 37, 19, 32, 19, 31, 18, 33, 19, 30, 20, 34, 18, 32, 19, 28, 19, 33, 20, 35, 19, 31, 18, 30, 18, 31, 18, 29, 19, 35, 17, 28, 18, 30, 17, 32, 20, 34, 19, 40, 18, 36, 19, 33, 19, 32, 19, 32, 19, 34, 18, 35, 19, 34, 19, 36, 19, 35
19, 32, 20, 40, 20, 34, 19, 33, 19, 38, 19, 36, 20, 37, 21, 36, 20, 37, 19, 31, 19, 34, 19, 37, 18, 35, 21, 33, 21, 37, 20, 40, 21, 41, 20, 40, 20, 34, 20, 36, 19, 32, 19, 37, 20, 32, 20, 36, 19, 33, 21, 41, 20, 34, 19, 34, 20, 33, 19, 38, 21, 35, 20, 37, 19, 32, 19, 33, 19, 32, 20, 36, 18, 31, 19, 38, 19, 38, 21, 35, 20, 40, 21, 36, 20, 35, 20, 36, 19, 33, 20, 34, 20, 35, 20, 37, 21, 39, 21, 35
20, 36, 21, 40, 22, 39, 20, 38, 20, 38, 20, 36, 22, 40, 22, 39, 21, 37, 21, 38, 21, 36, 21, 37, 19, 35, 22, 45, 23, 39, 21, 41, 22, 41, 22, 41, 22, 39, 22, 39, 20, 36, 21, 37, 21, 35, 21, 36, 21, 38, 22, 41, 21, 34, 21, 41, 20, 33, 20, 38, 22, 38, 20, 37, 20, 35, 20, 44, 21, 38, 22, 44, 20, 36, 21, 38, 20, 39, 22, 40, 22, 40, 23, 37, 21, 36, 21, 38, 20, 33, 21, 34, 21, 37, 21, 38, 23, 40, 22, 39
21, 40, 22, 40, 23, 44, 21, 39, 22, 47, 21, 41, 23, 40, 23, 44, 23, 38, 22, 39, 22, 37, 22, 41, 21, 39, 24, 45, 24, 39, 23, 41, 23, 41, 23, 41, 23, 40, 23, 46, 22, 40, 22, 43, 22, 37, 22, 38, 22, 38, 23, 41, 22, 38, 21, 41, 21, 39, 21, 38, 23, 38, 21, 37, 21, 38, 21, 44, 22, 40, 23, 44, 21, 36, 22, 40, 21, 39, 23, 40, 23, 44, 24, 40, 22, 38, 22, 38, 21, 41, 22, 38, 23, 37, 22, 38, 24, 40, 23, 39
22, 40, 22, 40, 24, 44, 22, 40, 23, 47, 22, 41, 24, 40, 24, 45, 24, 40, 23, 44, 23, 40, 23, 41, 22, 40, 25, 45, 25, 44, 24, 42, 24, 45, 24, 41, 24, 41, 24, 46, 23, 40, 23, 43, 23, 40, 23, 38, 23, 44, 24, 41, 23, 38, 23, 41, 22, 40, 23, 48, 24, 40, 22, 42, 22, 40, 22, 44, 23, 43, 24, 44, 22, 39, 24, 40, 22, 39, 24, 41, 24, 44, 25, 43, 23, 38, 23, 40, 22, 41, 23, 38, 24, 39, 23, 38, 26, 44, 24, 42
23, 41, 23, 40, 25, 44, 23, 42, 24, 47, 23, 45, 25, 40, 25, 45, 25, 44, 24, 44, 24, 40, 24, 41, 23, 40, 26, 45, 26, 44, 25, 42, 25, 45, 25, 41, 24, 41, 25, 46, 24, 40, 24, 43, 24, 40, 24, 42, 24, 44, 25, 41, 23, 38, 24, 41, 23, 42, 24, 48, 25, 40, 24, 42, 23, 40, 23, 44, 24, 44, 25, 44, 23, 44, 25, 44, 23, 43, 25, 41, 25, 44, 25, 43, 24, 40, 24, 40, 23, 41, 24, 39, 24, 40, 24, 44, 26, 45, 25, 42
23, 42, 24, 41, 26, 44, 24, 44, 25, 47, 24, 45, 25, 40, 26, 46, 26, 44, 25, 44, 24, 42, 25, 45, 24, 42, 27, 45, 27, 44, 25, 42, 26, 45, 26, 41, 25, 41, 26, 46, 24, 41, 25, 43, 24, 40, 25, 42, 25, 44, 26, 42, 24, 39, 25, 41, 24, 42, 24, 48, 25, 42, 25, 50, 24, 44, 24, 44, 25, 50, 25, 48, 24, 44, 25, 44, 24, 43, 26, 41, 26, 44, 26, 43, 24, 42, 24, 40, 24, 46, 25, 45, 25, 40, 25, 44, 27, 45, 25, 46
24, 42, 25, 53, 26, 44, 25, 44, 25, 47, 25, 45, 26, 42, 26, 46, 26, 44, 26, 44, 25, 43, 26, 45, 24, 42, 27, 45, 27, 45, 26, 44, 26, 45, 27, 42, 26, 41, 26, 46, 25, 41, 25, 43, 25, 44, 25, 46, 26, 44, 27, 46, 24, 39, 25, 44, 25, 42, 25, 48, 26, 42, 25, 50, 24, 44, 25, 44, 26, 50, 26, 48, 25, 45, 26, 44, 24, 43, 26, 42, 27, 44, 27, 43, 25, 42, 25, 40, 25, 46, 26, 45, 26, 40, 25, 44, 28, 45, 26, 49
25, 42, 25, 53, 27, 46, 25, 44, 26, 47, 26, 45, 26, 42, 27, 46, 27, 44, 27, 44, 26, 45, 26, 45, 25, 44, 28, 45, 28, 45, 27, 46, 27, 47, 28, 44, 26, 41, 27, 46, 26, 41, 26, 43, 25, 44, 26, 46, 26, 47, 27, 46, 25, 40, 26, 44, 25, 42, 26, 48, 26, 42, 26, 50, 25, 44, 26, 44, 27, 50, 27, 48, 25, 47, 27, 44, 25, 43, 27, 42, 28, 45, 27, 44, 26, 45, 25, 43, 26, 46, 26, 45, 26, 41, 26, 44, 29, 45, 26, 49
25, 45, 26, 53, 28, 46, 26, 44, 27, 47, 26, 46, 27, 42, 28, 46, 27, 45, 27, 46, 26, 45, 27, 47, 26, 44, 29, 46, 28, 45, 27, 46, 28, 47, 28, 44, 27, 41, 27, 46, 26, 42, 26, 43, 26, 44, 26, 46, 27, 47, 28, 46, 25, 40, 26, 44, 26, 43, 26, 48, 27, 45, 27, 50, 25, 44, 26, 44, 28, 50, 27, 48, 26, 47, 27, 44, 25, 44, 27, 42, 29, 45, 28, 46, 26, 45, 26, 44, 26, 48, 27, 45, 27, 42, 27, 46, 29, 46, 27, 49
26, 47, 26, 53, 28, 47, 26, 44, 27, 50, 27, 46, 27, 45, 28, 46, 28, 45, 28, 48, 27, 46, 27, 47, 26, 44, 29, 46, 28, 45, 28, 46, 28, 50, 29, 44, 27, 42, 28, 46, 27, 43, 27, 44, 26, 44, 27, 46, 28, 47, 28, 46, 26, 40, 27, 44, 26, 46, 27, 48, 28, 45, 27, 50, 26, 44, 27, 48, 28, 50, 28, 48, 27, 48, 28, 44, 26, 44, 28, 42, 29, 47, 28, 46, 27, 49, 26, 44, 27, 48, 27, 45, 27, 42, 27, 46, 30, 46, 27, 49
27, 48, 27, 53, 29, 47, 27, 46, 28, 50, 27, 46, 28, 45, 29, 46, 28, 45, 28, 48, 27, 46, 28, 47, 27, 44, 29, 46, 29, 45, 28, 46, 29, 50, 29, 44, 27, 46, 28, 47, 27, 48, 27, 44, 27, 45, 27, 46, 28, 47, 29, 46, 26, 41, 27, 45, 27, 46, 27, 48, 28, 45, 28, 50, 27, 46, 27, 48, 29, 50, 28, 49, 27, 48, 28, 45, 26, 44, 28, 46, 29, 47, 29, 46, 27, 49, 27, 46, 27, 48, 27, 45, 27, 42, 28, 46, 30, 46, 28, 49
27, 48, 27, 53, 29, 47, 28, 48, 28, 50, 28, 47, 28, 45, 29, 46, 28, 46, 29, 48, 28, 46, 28, 47, 27, 44, 30, 46, 29, 45, 29, 48, 30, 50, 29, 44, 28, 46, 29, 47, 28, 48, 28, 47, 27, 48, 28, 48, 29, 47, 29, 46, 26, 43, 28, 45, 27, 46, 28, 48, 28, 45, 28, 50, 27, 46, 28, 48, 29, 50, 29, 49, 28, 48, 29, 45, 27, 44, 29, 46, 30, 47, 29, 48, 28, 49, 27, 46, 28, 48, 28, 45, 27, 44, 28, 46, 31, 47, 28, 49
28, 48, 28, 53, 30, 47, 28, 48, 29, 50, 28, 47, 28, 45, 29, 48, 29, 48, 29, 48, 28, 46, 28, 47, 27, 45, 30, 48, 29, 49, 29, 50, 30, 50, 30, 44, 28, 46, 29, 47, 28, 48, 28, 47, 28, 48, 28, 48, 29, 49, 30, 46, 27, 50, 28, 45, 28, 46, 28, 48, 29, 45, 29, 50, 27, 47, 28, 48, 30, 51, 29, 50, 28, 48, 29, 45, 27, 44, 29, 46, 30, 47, 29, 48, 28, 49, 27, 46, 28, 48, 28, 47, 28, 44, 28, 48, 31, 47, 29, 49
28, 48, 28, 53, 30, 48, 28, 48, 29, 50, 29, 49, 29, 45, 30, 48, 29, 48, 30, 48, 29, 46, 29, 47, 28, 46, 30, 48, 30, 49, 29, 50, 30, 50, 30, 44, 28, 46, 30, 47, 28, 48, 28, 47, 28, 50, 28, 48, 30, 49, 30, 47, 27, 50, 29, 46, 28, 50, 29, 48, 29, 45, 29, 50, 28, 47, 29, 48, 30, 51, 30, 50, 28, 49, 29, 45, 27, 47, 29, 46, 31, 47, 30, 48, 29, 49, 28, 46, 28, 48, 29, 47, 28, 45, 29, 49, 31, 47, 29, 49
28, 48, 29, 53, 30, 49, 29, 49, 29, 50, 29, 49, 29, 45, 30, 48, 29, 49, 30, 48, 29, 46, 29, 47, 28, 46, 31, 48, 30, 53, 30, 50, 31, 50, 30, 48, 29, 46, 30, 47, 29, 48, 29, 47, 29, 50, 29, 48, 30, 49, 30, 47, 27, 50, 29, 52, 29, 50, 29, 48, 29, 47, 29, 50, 28, 48, 29, 48, 31, 51, 30, 50, 29, 49, 29, 45, 28, 47, 30, 46, 31, 48, 30, 48, 29, 49, 28, 48, 29, 48, 29, 47, 28, 45, 29, 49, 32, 48, 30, 49
29, 48, 29, 53, 30, 49, 29, 49, 30, 50, 29, 49, 29, 46, 30, 48, 29, 49, 30, 48, 29, 46, 29, 47, 28, 46, 31, 48, 30, 53, 30, 50, 31, 50, 30, 48, 29, 46, 30, 47, 29, 48, 29, 48, 29, 50, 29, 48, 30, 49, 31, 48, 28, 50, 29, 52, 29, 50, 29, 48, 30, 47, 30, 50, 29, 48, 29, 48, 31, 51, 30, 50, 29, 49, 30, 45, 28, 47, 30, 49, 31, 48, 30, 48, 29, 51, 28, 48, 29, 48, 29, 47, 29, 45, 29, 49, 32, 50, 30, 49
29, 48, 29, 53, 31, 49, 29, 49, 30, 50, 29, 50, 30, 46, 31, 48, 30, 50, 30, 48, 29, 48, 30, 48, 28, 46, 31, 52, 31, 53, 31, 51, 31, 50, 30, 48, 29, 46, 31, 47, 29, 48, 29, 48, 29, 50, 29, 52, 31, 49, 31, 48, 28, 50, 30, 52, 29, 50, 30, 48, 30, 48, 30, 50, 29, 48, 30, 48, 31, 51, 30, 50, 29, 49, 30, 45, 28, 47, 30, 49, 31, 50, 31, 48, 30, 51, 29, 49, 29, 48, 30, 53, 29, 46, 30, 49, 32, 50, 30, 49
29, 48, 30, 53, 31, 49, 30, 49, 30, 50, 30, 50, 30, 50, 31, 48, 30, 50, 31, 48, 30, 48, 30, 48, 29, 46, 32, 52, 31, 53, 31, 51, 31, 50, 31, 48, 29, 46, 31, 47, 30, 48, 30, 48, 30, 50, 30, 52, 31, 49, 31, 48, 28, 50, 30, 52, 30, 50, 30, 48, 30, 48, 30, 50, 29, 48, 30, 48, 32, 51, 31, 50, 30, 49, 30, 45, 29, 47, 30, 49, 32, 52, 31, 48, 30, 51, 29, 49, 30, 48, 30, 53, 29, 46, 30, 49, 32, 50, 31, 49
30, 48, 30, 53, 31, 49, 30, 49, 30, 50, 30, 50, 30, 50, 31, 48, 30, 50, 31, 48, 30, 48, 30, 48, 29, 46, 32, 52, 31, 53, 31, 51, 31, 52, 31, 48, 29, 47, 31, 47, 30, 48, 30, 48, 30, 50, 30, 52, 31, 49, 32, 48, 29, 50, 30, 52, 30, 50, 30, 48, 30, 48, 31, 50, 30, 48, 30, 48, 32, 51, 31, 53, 30, 49, 30, 45, 29, 47, 30, 49, 32, 52, 31, 48, 31, 51, 29, 49, 30, 48, 30, 53, 29, 46, 30, 49, 33, 50, 31, 49
30, 49, 30, 53, 31, 49, 30, 49, 31, 50, 30, 50, 30, 50, 31, 48, 30, 50, 31, 48, 30, 48, 30, 48, 29, 46, 32, 52, 31, 53, 31, 51, 32, 52, 31, 48, 30, 47, 31, 51, 30, 48, 30, 48, 30, 50, 30, 52, 31, 50, 32, 48, 29, 50, 30, 52, 30, 50, 30, 50, 30, 48, 31, 50, 30, 48, 30, 48, 32, 52, 31, 53, 30, 49, 30, 45, 29, 47, 30, 49, 32, 52, 31, 49, 31, 52, 29, 49, 30, 48, 30, 53, 29, 49, 31, 49, 33, 50, 31, 49
30, 49, 30, 53, 32, 49, 31, 49, 31, 50, 30, 50, 31, 50, 31, 49, 31, 50, 31, 49, 30, 48, 31, 48, 29, 52, 32, 52, 32, 53, 32, 52, 32, 52, 31, 48, 30, 47, 31, 51, 31, 48, 30, 50, 30, 50, 30, 52, 31, 53, 32, 48, 29, 50, 31, 52, 30, 50, 31, 50, 31, 50, 31, 50, 30, 48, 31, 48, 32, 52, 32, 53, 30, 49, 30, 46, 30, 47, 31, 49, 32, 52, 32, 49, 31, 52, 30, 51, 30, 48, 31, 53, 29, 49, 31, 49, 33, 50, 31, 49
31, 49, 30, 53, 32, 49, 31, 49, 31, 50, 31, 50, 31, 50, 32, 49, 31, 52, 32, 49, 30, 48, 31, 50, 29, 52, 32, 52, 32, 53, 32, 52, 32, 52, 32, 48, 30, 47, 32, 51, 31, 48, 31, 50, 31, 50, 31, 52, 32, 53, 32, 48, 29, 50, 31, 52, 31, 50, 31, 50, 31, 50, 32, 50, 30, 48, 31, 48, 33, 52, 32, 53, 30, 49, 31, 46, 30, 47, 31, 49, 33, 55, 32, 49, 32, 52, 30, 51, 30, 48, 31, 53, 30, 49, 31, 50, 33, 50, 31, 49
31, 49, 31, 53, 32, 49, 31, 49, 31, 50, 31, 50, 31, 50, 32, 49, 31, 52, 32, 49, 31, 48, 31, 51, 30, 52, 32, 52, 32, 53, 32, 52, 32, 52, 32, 49, 30, 51, 32, 51, 31, 50, 31, 50, 31, 50, 31, 54, 32, 53, 32, 48, 29, 52, 31, 52, 31, 56, 31, 50, 31, 50, 32, 52, 31, 48, 31, 48, 33, 52, 32, 53, 31, 49, 31, 48, 30, 49, 31, 49, 33, 55, 32, 49, 32, 52, 30, 51, 30, 49, 31, 53, 30, 49, 31, 50, 33, 50, 32, 49
31, 49, 31, 53, 32, 49, 31, 50, 31, 50, 31, 53, 31, 50, 32, 49, 31, 52, 32, 49, 31, 48, 31, 51, 30, 52, 33, 54, 32, 53, 32, 52, 32, 52, 32, 49, 31, 51, 32, 51, 32, 50, 31, 50, 31, 50, 31, 54, 32, 53, 33, 48, 30, 52, 31, 52, 31, 56, 31, 50, 31, 50, 32, 52, 31, 48, 31, 48, 33, 52, 32, 53, 31, 49, 31, 48, 30, 49, 31, 49, 33, 55, 32, 49, 32, 53, 30, 51, 31, 49, 32, 53, 30, 49, 32, 50, 33, 50, 32, 50
31, 50, 31, 53, 32, 51, 32, 52, 32, 50, 31, 53, 32, 50, 32, 49, 31, 52, 32, 49, 31, 48, 31, 51, 30, 52, 33, 54, 33, 53, 33, 52, 32, 52, 32, 49, 31, 51, 32, 51, 32, 50, 31, 50, 31, 50, 31, 54, 32, 53, 33, 52, 30, 52, 31, 52, 31, 56, 32, 50, 31, 50, 32, 52, 31, 48, 32, 50, 33, 52, 33, 53, 31, 49, 31, 48, 31, 49, 31, 49, 33, 55, 32, 52, 32, 53, 31, 51, 31, 49, 32, 53, 30, 49, 32, 51, 33, 50, 32, 50
31, 50, 31, 53, 32, 51, 32, 52, 32, 51, 32, 53, 32, 50, 32, 49, 32, 52, 33, 49, 31, 51, 32, 51, 30, 52, 33, 54, 33, 54, 33, 52, 33, 52, 32, 50, 31, 52, 32, 51, 32, 50, 31, 50, 31, 50, 32, 54, 32, 53, 33, 52, 30, 52, 32, 53, 31, 56, 32, 50, 31, 50, 33, 52, 31, 48, 32, 50, 33, 52, 33, 53, 31, 49, 31, 48, 31, 49, 32, 49, 33, 55, 32, 52, 32, 54, 31, 51, 31, 52, 32, 53, 30, 49, 32, 51, 34, 50, 32, 50
32, 50, 31, 53, 32, 51, 32, 52, 32, 51, 32, 56, 32, 50, 32, 50, 32, 52, 33, 49, 31, 51, 32, 51, 31, 52, 33, 56, 33, 54, 33, 52, 33, 52, 32, 50, 31, 52, 32, 51, 32, 50, 32, 50, 32, 50, 32, 54, 33, 53, 33, 52, 30, 52, 32, 53, 32, 56, 32, 52, 32, 52, 33, 53, 32, 50, 32, 50, 34, 52, 33, 53, 31, 49, 31, 48, 31, 49, 32, 49, 34, 55, 33, 52, 33, 54, 31, 51, 31, 52, 32, 53, 30, 49, 32, 52, 34, 50, 32, 51
32, 50, 32, 53, 33, 51, 32, 52, 32, 51, 32, 56, 32, 50, 32, 50, 32, 52, 33, 49, 31, 51, 32, 51, 31, 52, 33, 56, 33, 54, 33, 52, 33, 52, 32, 50, 31, 52, 33, 51, 33, 50, 32, 50, 32, 50, 32, 54, 33, 53, 33, 52, 30, 52, 32, 53, 32, 56, 32, 52, 32, 52, 33, 53, 32, 54, 32, 50, 34, 52, 33, 53, 31, 49, 32, 49, 31, 49, 32, 52, 34, 55, 33, 52, 33, 54, 31, 51, 31, 52, 32, 53, 31, 49, 32, 52, 34, 50, 32, 51
32, 50, 32, 53, 33, 51, 32, 52, 32, 51, 32, 56, 32, 50, 32, 50, 32, 52, 33, 49, 32, 51, 32, 51, 31, 56, 33, 56, 33, 54, 33, 54, 33, 52, 33, 50, 31, 54, 33, 51, 33, 50, 32, 50, 32, 50, 32, 54, 33, 53, 33, 52, 31, 52, 32, 53, 32, 56, 32, 52, 32, 52, 33, 53, 32, 54, 32, 50, 34, 53, 33, 53, 32, 49, 32, 49, 31, 49, 32, 52, 34, 55, 33, 52, 33, 54, 31, 51, 31, 52, 32, 53, 31, 49, 32, 52, 34, 51, 33, 51
32, 50, 32, 54, 33, 51, 32, 52, 32, 51, 32, 56, 32, 50, 33, 50, 32, 54, 33, 51, 32, 51, 32, 51, 31, 56, 34, 56, 33, 54, 33, 54, 33, 52, 33, 50, 32, 54, 33, 51, 33, 50, 32, 50, 32, 50, 32, 54, 33, 53, 34, 52, 31, 53, 32, 53, 32, 56, 32, 52, 32, 52, 33, 53, 32, 54, 32, 50, 34, 53, 33, 53, 32, 49, 32, 49, 32, 49, 32, 52, 34, 55, 33, 52, 33, 54, 32, 51, 32, 52, 33, 54, 31, 49, 33, 52, 34, 54, 33, 51
32, 50, 32, 54, 33, 51, 33, 52, 33, 53, 33, 57, 33, 50, 33, 50, 33, 54, 33, 52, 32, 51, 32, 51, 31, 56, 34, 56, 33, 54, 34, 54, 33, 53, 33, 50, 32, 54, 33, 51, 33, 50, 32, 50, 32, 50, 32, 54, 33, 53, 34, 52, 31, 53, 32, 53, 32, 56, 33, 52, 32, 52, 34, 53, 32, 54, 32, 50, 34, 53, 34, 53, 32, 49, 32, 49, 32, 49, 32, 52, 34, 55, 33, 52, 33, 54, 32, 52, 32, 52, 33, 54, 31, 49, 33, 55, 34, 54, 33, 51
32, 50, 32, 54, 33, 51, 33, 52, 33, 55, 33, 57, 33, 50, 33, 50, 33, 54, 33, 52, 32, 51, 33, 51, 32, 56, 34, 56, 34, 54, 34, 54, 33, 53, 33, 50, 32, 54, 33, 51, 33, 50, 33, 50, 32, 50, 33, 54, 33, 53, 34, 52, 31, 53, 33, 53, 32, 56, 33, 52, 32, 52, 34, 53, 32, 54, 33, 50, 34, 53, 34, 53, 32, 49, 32, 49, 32, 49, 33, 52, 34, 55, 33, 52, 34, 54, 32, 52, 32, 53, 33, 54, 31, 49, 33, 55, 34, 54, 33, 51
33, 50, 32, 54, 33, 52, 33, 52, 33, 55, 33, 57, 33, 50, 33, 50, 33, 54, 34, 52, 32, 51, 33, 55, 32, 56, 34, 56, 34, 54, 34, 54, 34, 53, 33, 51, 32, 54, 33, 51, 33, 50, 33, 50, 33, 50, 33, 54, 33, 53, 34, 52, 31, 53, 33, 53, 33, 56, 33, 52, 32, 52, 34, 54, 33, 54, 33, 50, 34, 53, 34, 53, 32, 49, 32, 49, 32, 49, 33, 52, 34, 55, 33, 52, 34, 54, 32, 52, 32, 53, 33, 54, 31, 49, 33, 55, 34, 54, 33, 51
33, 50, 32, 54, 33, 52, 33, 55, 33, 55, 33, 58, 33, 50, 33, 50, 33, 54, 34, 52, 32, 51, 33, 55, 32, 56, 34, 56, 34, 56, 34, 54, 34, 53, 33, 51, 32, 54, 33, 52, 33, 50, 33, 50, 33, 50, 33, 54, 34, 53, 34, 52, 31, 53, 33, 53, 33, 56, 33, 52, 33, 52, 34, 54, 33, 54, 33, 51, 34, 53, 34, 56, 32, 49, 32, 49, 32, 49, 33, 52, 34, 55, 34, 52, 34, 54, 32, 52, 32, 53, 33, 54, 31, 49, 33, 55, 34, 54, 33, 51
33, 50, 33, 54, 33, 52, 33, 55, 33, 55, 33, 58, 33, 52, 33, 50, 33, 54, 34, 52, 32, 51, 33, 56, 32, 56, 34, 56, 34, 56, 34, 54, 34, 53, 33, 51, 32, 54, 33, 52, 34, 51, 33, 52, 33, 50, 33, 54, 34, 53, 34, 52, 32, 53, 33, 53, 33, 56, 33, 52, 33, 52, 34, 54, 33, 54, 33, 51, 35, 54, 34, 56, 33, 49, 32, 49, 32, 49, 33, 52, 35, 55, 34, 52, 34, 54, 32, 52, 32, 53, 33, 54, 31, 49, 33, 55, 35, 54, 33, 51
33, 50, 33, 54, 33, 52, 33, 55, 33, 55, 34, 58, 33, 52, 33, 50, 33, 54, 34, 52, 33, 51, 33, 56, 32, 56, 34, 56, 34, 56, 34, 54, 34, 54, 33, 51, 32, 54, 33, 52, 34, 51, 33, 52, 33, 50, 33, 55, 34, 53, 34, 52, 32, 53, 33, 53, 33, 56, 33, 52, 33, 52, 34, 54, 33, 54, 33, 52, 35, 54, 34, 56, 33, 49, 33, 52, 32, 51, 33, 52, 35, 55, 34, 52, 34, 55, 32, 52, 33, 53, 33, 54, 32, 50, 33, 55, 35, 54, 34, 51
33, 50, 33, 54, 34, 52, 33, 55, 33, 55, 34, 58, 33, 52, 33, 52, 34, 54, 34, 52, 33, 52, 33, 58, 32, 56, 35, 56, 34, 56, 34, 54, 34, 54, 33, 51, 33, 54, 33, 53, 34, 51, 33, 52, 33, 52, 33, 55, 34, 53, 34, 52, 32, 54, 33, 53, 33, 56, 33, 52, 33, 52, 35, 54, 33, 54, 33, 56, 35, 54, 34, 56, 33, 50, 33, 52, 32, 51, 33, 52, 35, 55, 34, 52, 34, 55, 32, 52, 33, 53, 33, 54, 32, 50, 34, 55, 35, 54, 34, 51
33, 54, 33, 54, 34, 52, 33, 55, 34, 55, 34, 58, 33, 52, 34, 52, 34, 54, 34, 52, 33, 52, 33, 58, 32, 56, 35, 56, 34, 56, 35, 54, 34, 54, 33, 51, 33, 54, 34, 53, 34, 51, 33, 53, 33, 52, 33, 55, 34, 53, 34, 52, 32, 54, 33, 53, 33, 56, 33, 52, 33, 54, 35, 54, 33, 54, 33, 56, 35, 54, 34, 56, 33, 50, 33, 52, 33, 54, 33, 52, 35, 55, 34, 52, 34, 55, 33, 52, 33, 53, 34, 54, 32, 50, 34, 55, 35, 54, 34, 51
33, 54, 33, 55, 34, 52, 33, 55, 34, 55, 34, 58, 33, 54, 34, 52, 34, 54, 34, 52, 33, 52, 34, 58, 33, 56, 35, 56, 35, 56, 35, 54, 34, 54, 34, 51, 33, 54, 34, 53, 34, 51, 33, 53, 33, 52, 34, 55, 34, 53, 35, 52, 32, 55, 33, 53, 33, 56, 33, 52, 33, 54, 35, 54, 33, 54, 33, 56, 35, 54, 34, 56, 33, 50, 33, 52, 33, 54, 34, 52, 35, 55, 34, 52, 34, 55, 33, 52, 33, 53, 34, 54, 32, 50, 34, 55, 35, 54, 34, 53
33, 54, 33, 55, 34, 52, 34, 55, 34, 55, 34, 58, 34, 54, 34, 52, 34, 54, 34, 52, 33, 52, 34, 58, 33, 56, 35, 56, 35, 56, 35, 54, 34, 54, 34, 51, 33, 54, 34, 53, 34, 51, 33, 53, 33, 52, 34, 55, 34, 53, 35, 52, 32, 55, 33, 53, 34, 56, 33, 52, 33, 54, 35, 54, 33, 54, 33, 56, 35, 54, 35, 56, 33, 50, 33, 52, 33, 54, 34, 54, 35, 55, 34, 52, 35, 55, 33, 52, 33, 53, 34, 55, 32, 50, 34, 57, 35, 54, 34, 55
33, 54, 33, 55, 34, 52, 34, 55, 34, 55, 34, 58, 34, 54, 34, 52, 34, 54, 34, 52, 33, 52, 34, 58, 33, 56, 35, 56, 35, 56, 35, 54, 34, 54, 34, 51, 33, 56, 34, 53, 34, 51, 34, 54, 34, 52, 34, 55, 34, 53, 35, 52, 32, 55, 33, 53, 34, 56, 34, 52, 33, 54, 35, 54, 34, 54, 34, 56, 35, 54, 35, 56, 33, 50, 33, 52, 33, 54, 34, 54, 35, 55, 34, 52, 35, 56, 33, 52, 33, 55, 34, 55, 32, 50, 34, 57, 35, 54, 34, 55
34, 54, 34, 55, 34, 52, 34, 55, 34, 55, 34, 58, 34, 54, 34, 52, 34, 54, 35, 52, 33, 52, 34, 58, 33, 56, 35, 56, 35, 56, 35, 54, 34, 54, 34, 54, 33, 56, 34, 53, 34, 51, 34, 54, 34, 52, 34, 55, 34, 53, 35, 52, 33, 56, 34, 53, 34, 56, 34, 52, 34, 54, 35, 54, 34, 54, 34, 56, 35, 54, 35, 56, 33, 50, 33, 52, 33, 54, 34, 54, 35, 55, 34, 56, 35, 59, 33, 52, 33, 55, 34, 55, 32, 50, 34, 57, 35, 54, 34, 55
34, 57, 34, 55, 34, 52, 34, 55, 34, 55, 35, 58, 34, 54, 34, 52, 34, 54, 35, 52, 33, 52, 34, 58, 33, 56, 35, 56, 35, 56, 35, 55, 34, 54, 34, 54, 33, 56, 34, 53, 34, 51, 34, 54, 34, 52, 34, 55, 35, 53, 35, 52, 33, 56, 34, 53, 34, 56, 34, 52, 34, 54, 35, 54, 34, 54, 34, 56, 35, 54, 35, 56, 33, 50, 33, 52, 33, 54, 34, 54, 35, 55, 34, 56, 35, 59, 33, 52, 34, 55, 34, 55, 32, 50, 34, 57, 35, 54, 34, 55
34, 57, 34, 55, 34, 52, 34, 55, 34, 55, 35, 58, 34, 54, 34, 52, 34, 55, 35, 52, 33, 52, 34, 58, 33, 56, 35, 56, 35, 56, 35, 56, 35, 54, 34, 54, 33, 56, 34, 53, 34, 51, 34, 54, 34, 54, 34, 55, 35, 53, 35, 52, 33, 56, 34, 53, 34, 56, 34, 54, 34, 54, 35, 56, 34, 54, 34, 56, 35, 55, 35, 58, 34, 50, 33, 52, 33, 54, 34, 54, 35, 55, 35, 58, 35, 59, 33, 54, 34, 55, 34, 55, 32, 51, 34, 57, 35, 54, 34, 55
34, 57, 34, 55, 34, 52, 34, 55, 34, 55, 35, 58, 34, 54, 34, 52, 35, 55, 35, 52, 33, 52, 34, 58, 33, 56, 36, 56, 35, 56, 35, 56, 35, 54, 34, 54, 34, 56, 34, 53, 35, 51, 34, 54, 34, 54, 34, 55, 35, 53, 35, 52, 33, 56, 34, 53, 34, 56, 34, 54, 34, 54, 35, 56, 34, 55, 34, 56, 35, 55, 35, 58, 34, 51, 33, 52, 33, 54, 34, 54, 35, 55, 35, 58, 35, 59, 34, 54, 34, 55, 34, 55, 32, 51, 34, 57, 36, 54, 34, 55
34, 57, 34, 55, 34, 52, 34, 55, 34, 55, 35, 58, 34, 54, 34, 52, 35, 55, 35, 52, 34, 52, 34, 58, 33, 56, 36, 56, 35, 56, 35, 56, 35, 54, 34, 54, 34, 56, 34, 53, 35, 51, 34, 54, 34, 54, 34, 55, 35, 53, 35, 52, 33, 56, 34, 53, 34, 56, 34, 54, 34, 54, 36, 56, 34, 55, 34, 56, 35, 55, 35, 58, 34, 51, 33, 52, 33, 54, 34, 54, 36, 55, 35, 58, 35, 59, 34, 54, 34, 55, 35, 55, 32, 51, 34, 57, 36, 54, 34, 55
34, 57, 34, 55, 34, 52, 34, 55, 34, 55, 35, 58, 34, 54, 34, 52, 35, 55, 35, 52, 34, 52, 34, 58, 34, 56, 36, 56, 35, 56, 35, 56, 35, 54, 34, 54, 34, 56, 34, 53, 35, 51, 34, 54, 34, 54, 34, 55, 35, 55, 35, 52, 33, 56, 34, 53, 34, 56, 34, 54, 34, 54, 36, 56, 34, 55, 34, 56, 35, 55, 35, 58, 34, 51, 33, 52, 33, 54, 34, 54, 36, 55, 35, 58, 35, 59, 34, 54, 34, 55, 35, 55, 32, 51, 34, 57, 36, 54, 34, 55
34, 57, 34, 55, 34, 52, 34, 56, 34, 55, 35, 58, 34, 54, 34, 52, 35, 55, 35, 52, 34, 52, 35, 58, 34, 56, 36, 56, 35, 56, 36, 56, 35, 54, 34, 54, 34, 56, 34, 53, 35, 51, 34, 54, 34, 54, 35, 55, 35, 55, 35, 53, 33, 56, 34, 53, 35, 56, 34, 54, 34, 54, 36, 56, 34, 58, 34, 56, 36, 55, 35, 58, 34, 51, 33, 52, 33, 54, 34, 54, 36, 55, 35, 58, 35, 59, 34, 54, 34, 55, 35, 55, 33, 51, 35, 57, 36, 54, 35, 55
34, 57, 34, 55, 35, 53, 34, 56, 35, 55, 35, 58, 34, 54, 35, 52, 35, 55, 35, 52, 34, 52, 35, 58, 34, 56, 36, 57, 35, 56, 36, 56, 35, 54, 34, 54, 34, 56, 34, 53, 35, 51, 34, 54, 34, 54, 35, 56, 35, 55, 35, 53, 33, 56, 34, 53, 35, 56, 34, 54, 34, 54, 36, 56, 34, 58, 34, 56, 36, 55, 35, 58, 34, 52, 34, 52, 34, 54, 34, 54, 36, 55, 35, 58, 36, 59, 34, 54, 34, 55, 35, 55, 33, 51, 35, 57, 36, 54, 35, 55
34, 57, 34, 55, 35, 53, 34, 56, 35, 55, 35, 58, 34, 54, 35, 52, 35, 55, 35, 52, 34, 52, 35, 58, 34, 56, 36, 57, 36, 56, 36, 56, 35, 54, 34, 56, 34, 56, 34, 53, 35, 51, 34, 54, 34, 54, 35, 56, 35, 55, 35, 53, 34, 56, 34, 53, 35, 56, 34, 54, 34, 54, 36, 56, 34, 58, 35, 56, 36, 55, 35, 58, 34, 53, 34, 52, 34, 54, 35, 54, 36, 55, 35, 58, 36, 59, 34, 54, 34, 55, 35, 55, 33, 51, 35, 58, 36, 54, 35, 55
34, 57, 34, 55, 35, 53, 35, 56, 35, 55, 36, 58, 35, 54, 35, 56, 35, 55, 35, 52, 34, 52, 35, 59, 34, 56, 36, 58, 36, 56, 36, 56, 35, 54, 35, 56, 34, 56, 34, 53, 35, 51, 35, 54, 34, 56, 35, 56, 35, 55, 35, 53, 34, 56, 34, 53, 35, 56, 34, 54, 34, 54, 36, 56, 34, 58, 35, 56, 36, 55, 36, 58, 34, 53, 34, 52, 34, 54, 35, 54, 36, 55, 35, 58, 36, 59, 34, 54, 34, 55, 35, 55, 33, 52, 35, 58, 36, 54, 35, 55
35, 57, 35, 55, 35, 53, 35, 56, 35, 55, 36, 58, 35, 54, 35, 56, 35, 55, 35, 52, 34, 52, 35, 59, 34, 56, 36, 58, 36, 56, 36, 56, 35, 54, 35, 56, 34, 56, 35, 54, 35, 51, 35, 54, 35, 56, 35, 56, 35, 58, 35, 53, 34, 56, 34, 53, 35, 56, 34, 54, 34, 54, 36, 56, 35, 58, 35, 56, 36, 55, 36, 58, 34, 53, 34, 52, 34, 54, 35, 55, 36, 55, 35, 58, 36, 59, 34, 58, 34, 57, 35, 55, 33, 52, 35, 58, 36, 54, 35, 57
35, 57, 35, 55, 35, 53, 35, 56, 35, 55, 36, 58, 35, 54, 35, 56, 35, 55, 35, 52, 34, 52, 35, 59, 34, 56, 36, 58, 36, 58, 36, 56, 35, 54, 35, 56, 34, 56, 35, 54, 35, 51, 35, 54, 35, 56, 35, 56, 35, 60, 35, 53, 34, 56, 34, 54, 35, 56, 34, 54, 34, 54, 36, 56, 35, 58, 35, 56, 36, 56, 36, 58, 34, 53, 34, 52, 34, 54, 35, 55, 36, 55, 35, 58, 36, 59, 34, 58, 34, 57, 35, 56, 33, 52, 35, 58, 36, 54, 35, 57
35, 57, 35, 58, 35, 54, 35, 56, 35, 55, 36, 58, 35, 54, 35, 58, 35, 55, 35, 52, 34, 52, 35, 59, 34, 56, 36, 58, 36, 58, 36, 56, 35, 54, 35, 56, 34, 56, 35, 60, 35, 51, 35, 54, 35, 56, 35, 56, 35, 60, 35, 53, 34, 56, 35, 54, 35, 57, 34, 54, 34, 54, 36, 56, 35, 58, 35, 56, 36, 56, 36, 58, 34, 53, 34, 52, 34, 54, 35, 55, 36, 55, 35, 58, 36, 59, 34, 58, 34, 57, 35, 56, 33, 52, 35, 58, 36, 54, 35, 57
35, 57, 35, 58, 35, 54, 35, 56, 35, 55, 36, 58, 35, 54, 35, 58, 36, 55, 35, 52, 34, 52, 35, 59, 34, 56, 36, 58, 36, 58, 36, 56, 35, 56, 35, 56, 35, 56, 35, 60, 35, 51, 35, 54, 35, 56, 35, 56, 35, 60, 35, 53, 34, 56, 35, 56, 35, 57, 34, 54, 34, 54, 36, 56, 35, 58, 35, 56, 36, 56, 36, 58, 34, 53, 34, 52, 34, 54, 35, 55, 36, 55, 35, 58, 36, 59, 34, 58, 35, 57, 35, 56, 33, 52, 35, 58, 36, 54, 35, 57
35, 57, 35, 58, 35, 54, 35, 56, 35, 55, 36, 58, 35, 54, 35, 58, 36, 55, 35, 52, 34, 52, 35, 59, 34, 56, 37, 58, 36, 58, 36, 56, 35, 56, 35, 56, 35, 56, 35, 63, 35, 51, 35, 55, 35, 56, 35, 56, 36, 60, 35, 53, 34, 56, 35, 56, 35, 57, 35, 54, 35, 54, 36, 56, 35, 58, 35, 56, 36, 56, 36, 58, 34, 53, 34, 52, 34, 54, 35, 55, 36, 55, 35, 58, 36, 59, 34, 58, 35, 57, 35, 56, 33, 55, 35, 58, 36, 54, 35, 57
35, 57, 35, 58, 35, 55, 35, 56, 35, 55, 36, 58, 35, 54, 35, 58, 36, 55, 35, 52, 34, 52, 35, 59, 35, 56, 37, 58, 36, 58, 36, 56, 35, 56, 35, 56, 35, 56, 35, 63, 35, 51, 35, 55, 35, 56, 35, 56, 36, 60, 35, 55, 34, 56, 35, 56, 36, 57, 35, 54, 35, 54, 37, 56, 35, 58, 35, 56, 36, 56, 36, 58, 34, 53, 34, 52, 34, 54, 35, 55, 36, 55, 36, 58, 36, 59, 35, 58, 35, 57, 35, 56, 33, 55, 35, 58, 36, 54, 35, 57
35, 57, 35, 58, 35, 55, 35, 56, 35, 55, 36, 58, 35, 54, 35, 58, 36, 55, 35, 52, 34, 52, 35, 59, 35, 56, 37, 58, 36, 58, 36, 56, 35, 56, 35, 56, 35, 56, 35, 63, 35, 52, 35, 55, 35, 56, 35, 56, 36, 60, 35, 55, 34, 56, 35, 56, 36, 57, 35, 54, 35, 54, 37, 56, 35, 58, 35, 56, 36, 56, 36, 58, 34, 53, 34, 60, 34, 54, 35, 56, 36, 55, 36, 58, 36, 59, 35, 58, 35, 57, 35, 56, 33, 55, 35, 58, 36, 54, 35, 57
35, 57, 35, 58, 35, 55, 35, 56, 35, 55, 36, 58, 35, 54, 35, 58, 36, 55, 35, 52, 34, 52, 35, 59, 35, 56, 37, 58, 36, 58, 36, 56, 35, 56, 35, 56, 35, 56, 35, 63, 35, 52, 35, 56, 35, 56, 35, 56, 36, 60, 35, 55, 34, 56, 35, 56, 36, 57, 35, 54, 35, 54, 37, 56, 35, 58, 35, 56, 36, 56, 36, 58, 35, 53, 34, 60, 34, 54, 35, 56, 36, 55, 36, 58, 36, 59, 35, 58, 35, 57, 36, 56, 33, 55, 35, 58, 36, 54, 35, 57
35, 57, 35, 58, 35, 55, 35, 56, 35, 55, 36, 58, 35, 54, 35, 58, 36, 55, 36, 52, 35, 53, 36, 59, 35, 56, 37, 58, 36, 58, 36, 56, 35, 56, 35, 57, 35, 56, 35, 63, 36, 52, 35, 56, 35, 56, 36, 56, 36, 60, 36, 55, 35, 56, 35, 56, 36, 57, 35, 54, 35, 54, 37, 56, 35, 58, 35, 56, 36, 56, 36, 58, 35, 53, 34, 60, 35, 54, 35, 56, 36, 58, 36, 58, 36, 59, 35, 58, 35, 57, 36, 57, 33, 55, 35, 58, 36, 54, 35, 57
35, 57, 35, 58, 35, 55, 35, 56, 35, 55, 36, 58, 35, 54, 35, 58, 36, 55, 36, 52, 35, 53, 36, 59, 35, 56, 37, 58, 36, 58, 36, 56, 36, 56, 35, 57, 35, 56, 35, 63, 36, 53, 35, 56, 35, 56, 36, 56, 36, 60, 36, 55, 35, 56, 35, 56, 36, 57, 35, 54, 35, 54, 37, 56, 35, 58, 35, 56, 36, 58, 36, 58, 35, 53, 34, 60, 35, 54, 35, 56, 37, 58, 36, 58, 37, 60, 35, 58, 35, 57, 36, 57, 34, 55, 35, 58, 36, 54, 35, 57
35, 57, 35, 58, 36, 55, 35, 56, 36, 55, 37, 58, 35, 54, 36, 58, 36, 60, 36, 52, 35, 53, 36, 59, 35, 56, 37, 58, 36, 58, 36, 58, 36, 56, 35, 57, 35, 56, 35, 63, 36, 53, 35, 56, 35, 56, 36, 56, 36, 60, 36, 55, 35, 56, 35, 56, 36, 57, 35, 54, 35, 54, 37, 56, 35, 58, 36, 56, 36, 58, 36, 58, 35, 53, 34, 60, 35, 54, 35, 56, 37, 58, 36, 58, 37, 60, 35, 58, 35, 57, 36, 57, 34, 55, 35, 58, 37, 54, 35, 57
35, 57, 35, 58, 36, 57, 35, 56, 36, 55, 37, 58, 35, 54, 36, 58, 36, 60, 36, 52, 35, 53, 36, 59, 35, 56, 37, 58, 36, 58, 37, 58, 36, 56, 35, 57, 35, 56, 35, 63, 36, 53, 35, 56, 35, 56, 36, 56, 36, 60, 36, 55, 35, 56, 35, 56, 36, 57, 35, 57, 35, 55, 37, 56, 35, 58, 36, 56, 36, 58, 36, 58, 35, 54, 34, 60, 35, 54, 35, 56, 37, 59, 36, 58, 37, 60, 35, 58, 35, 57, 36, 57, 34, 55, 35, 58, 37, 54, 36, 57
36, 60, 36, 58, 36, 57, 35, 56, 36, 55, 37, 58, 36, 54, 36, 58, 36, 60, 36, 52, 35, 55, 36, 59, 35, 56, 37, 58, 37, 58, 37, 58, 36, 56, 35, 57, 35, 56, 35, 63, 36, 53, 35, 56, 35, 56, 36, 56, 36, 60, 36, 55, 35, 56, 35, 56, 36, 57, 35, 57, 35, 55, 37, 56, 35, 58, 36, 56, 36, 58, 36, 58, 35, 54, 34, 60, 35, 54, 36, 56, 37, 59, 36, 58, 37, 60, 35, 58, 35, 57, 36, 57, 34, 55, 36, 58, 37, 54, 36, 57
36, 60, 36, 58, 36, 57, 35, 56, 36, 55, 37, 58, 36, 54, 36, 58, 36, 60, 36, 53, 35, 55, 36, 59, 35, 56, 37, 58, 37, 58, 37, 58, 36, 56, 35, 57, 35, 56, 36, 63, 36, 53, 36, 56, 35, 56, 36, 56, 36, 60, 36, 55, 35, 56, 35, 56, 36, 58, 35, 57, 35, 55, 37, 56, 36, 58, 36, 56, 37, 58, 36, 58, 35, 56, 34, 60, 35, 54, 36, 56, 37, 59, 36, 58, 37, 60, 35, 58, 35, 57, 36, 57, 34, 55, 36, 58, 37, 54, 36, 57
36, 60, 36, 58, 36, 57, 35, 58, 36, 55, 37, 60, 36, 54, 36, 58, 36, 60, 36, 53, 35, 55, 36, 59, 35, 56, 37, 58, 37, 58, 37, 58, 36, 56, 35, 58, 35, 56, 36, 63, 36, 53, 36, 58, 36, 56, 36, 56, 36, 60, 36, 55, 35, 56, 35, 56, 36, 58, 35, 57, 35, 55, 37, 56, 36, 58, 36, 56, 37, 58, 36, 58, 35, 56, 34, 60, 35, 54, 36, 56, 37, 59, 36, 58, 37, 60, 35, 58, 35, 57, 36, 57, 34, 55, 36, 58, 37, 54, 36, 57
36, 60, 36, 58, 36, 57, 36, 58, 36, 55, 37, 60, 36, 54, 36, 58, 37, 60, 36, 53, 35, 55, 36, 59, 35, 56, 37, 58, 37, 58, 37, 58, 36, 56, 36, 58, 35, 56, 36, 63, 36, 54, 36, 58, 36, 56, 36, 56, 36, 60, 36, 55, 35, 56, 35, 56, 36, 58, 35, 57, 35, 59, 37, 56, 36, 58, 36, 56, 37, 58, 37, 58, 35, 56, 35, 60, 35, 54, 36, 56, 37, 59, 36, 58, 37, 60, 35, 58, 35, 57, 36, 57, 34, 55, 36, 58, 37, 54, 36, 57
36, 60, 36, 58, 36, 57, 36, 58, 36, 55, 37, 60, 36, 54, 36, 58, 37, 60, 36, 53, 35, 55, 36, 59, 35, 56, 37, 58, 37, 58, 37, 58, 36, 56, 36, 58, 36, 56, 36, 63, 36, 54, 36, 58, 36, 56, 36, 56, 36, 60, 36, 56, 35, 56, 35, 56, 36, 58, 35, 57, 35, 59, 37, 56, 36, 58, 36, 56, 37, 58, 37, 58, 35, 56, 35, 60, 35, 54, 36, 56, 37, 59, 36, 58, 37, 60, 35, 58, 35, 57, 36, 57, 34, 55, 36, 58, 37, 55, 36, 57
36, 60, 36, 58, 36, 57, 36, 58, 36, 55, 37, 60, 36, 54, 36, 58, 37, 60, 36, 56, 35, 55, 36, 59, 36, 56, 37, 58, 37, 58, 37, 58, 36, 56, 36, 58, 36, 56, 36, 63, 36, 54, 36, 58, 36, 56, 36, 56, 36, 60, 36, 56, 35, 58, 35, 58, 37, 58, 35, 57, 35, 59, 37, 56, 36, 58, 36, 56, 37, 58, 37, 58, 35, 56, 35, 60, 35, 54, 36, 56, 37, 59, 36, 58, 37, 60, 35, 58, 36, 57, 36, 57, 34, 55, 36, 58, 37, 56, 36, 57
36, 60, 36, 58, 36, 57, 36, 58, 36, 55, 37, 60, 36, 54, 36, 58, 37, 60, 36, 56, 35, 58, 36, 59, 36, 56, 38, 58, 37, 58, 37, 58, 36, 56, 36, 58, 36, 56, 36, 63, 36, 54, 36, 58, 36, 56, 36, 56, 36, 60, 36, 56, 35, 58, 36, 58, 37, 58, 35, 57, 35, 59, 37, 56, 36, 58, 36, 56, 37, 58, 37, 58, 35, 56, 35, 60, 35, 54, 36, 56, 37, 59, 36, 58, 37, 60, 35, 58, 36, 57, 36, 57, 34, 55, 36, 60, 37, 56, 36, 57
36, 60, 36, 58, 36, 57, 36, 58, 36, 55, 37, 60, 36, 54, 36, 58, 37, 60, 36, 56, 35, 58, 36, 59, 36, 56, 38, 58, 37, 58, 37, 58, 36, 56, 36, 58, 36, 56, 36, 63, 36, 54, 36, 58, 36, 56, 36, 56, 36, 60, 36, 56, 35, 58, 36, 58, 37, 58, 35, 57, 35, 59, 37, 56, 36, 58, 36, 56, 37, 58, 37, 58, 35, 56, 35, 60, 35, 54, 36, 56, 37, 59, 36, 58, 37, 60, 35, 58, 36, 57, 36, 57, 34, 55, 36, 60, 37, 56, 36, 57
36, 60, 36, 58, 36, 57, 36, 58, 36, 55, 37, 60, 36, 54, 36, 58, 37, 60, 36, 56, 35, 58, 37, 59, 36, 56, 38, 58, 37, 58, 37, 58, 36, 56, 36, 58, 36, 56, 36, 63, 36, 54, 36, 58, 36, 56, 36, 56, 37, 60, 36, 56, 36, 58, 36, 58, 37, 58, 36, 57, 35, 59, 37, 56, 36, 59, 36, 56, 37, 58, 37, 58, 35, 56, 35, 60, 35, 54, 36, 60, 37, 59, 36, 58, 37, 60, 35, 58, 36, 57, 36, 57, 34, 55, 36, 60, 37, 56, 36, 57
36, 60, 36, 58, 36, 57, 36, 58, 36, 55, 37, 60, 36, 54, 36, 58, 37, 60, 36, 56, 35, 58, 37, 59, 36, 56, 38, 58, 37, 58, 37, 58, 36, 56, 36, 58, 36, 56, 36, 63, 36, 54, 36, 58, 36, 56, 36, 56, 37, 60, 36, 56, 36, 58, 36, 58, 37, 58, 36, 57, 35, 59, 38, 56, 36, 59, 36, 56, 37, 58, 37, 58, 35, 56, 35, 60, 35, 54, 36, 60, 37, 59, 36, 58, 37, 60, 35, 58, 36, 57, 36, 57, 34, 55, 36, 60, 37, 56, 36, 57
36, 60, 36, 58, 36, 57, 36, 58, 36, 55, 37, 60, 36, 54, 36, 58, 37, 60, 36, 56, 35, 58, 37, 59, 36, 56, 38, 58, 37, 60, 37, 58, 36, 56, 36, 58, 36, 56, 36, 63, 36, 54, 36, 59, 36, 56, 36, 57, 37, 60, 36, 56, 36, 58, 36, 58, 37, 58, 36, 57, 36, 59, 38, 56, 36, 59, 36, 56, 37, 58, 37, 58, 35, 56, 35, 60, 35, 54, 36, 60, 37, 59, 36, 58, 37, 60, 35, 58, 36, 57, 36, 57, 34, 55, 36, 60, 37, 56, 36, 57
36, 60, 36, 58, 36, 57, 36, 58, 36, 55, 37, 60, 36, 54, 37, 58, 37, 60, 36, 56, 35, 58, 37, 59, 36, 56, 38, 58, 37, 60, 37, 58, 36, 56, 36, 58, 36, 56, 36, 63, 36, 54, 36, 59, 36, 56, 36, 57, 37, 60, 36, 56, 36, 58, 36, 58, 37, 58, 36, 57, 36, 59, 38, 56, 36, 59, 36, 56, 37, 58, 37, 58, 35, 56, 35, 60, 35, 55, 36, 60, 37, 59, 36, 58, 37, 60, 36, 58, 36, 57, 36, 58, 34, 55, 36, 60, 37, 56, 36, 57
36, 60, 36, 58, 36, 57, 36, 58, 36, 55, 37, 60, 36, 54, 37, 58, 37, 60, 36, 56, 35, 58, 37, 59, 36, 56, 38, 58, 37, 60, 37, 58, 36, 56, 36, 58, 36, 56, 36, 63, 36, 54, 36, 59, 36, 56, 36, 57, 37, 60, 36, 56, 36, 58, 36, 58, 37, 58, 36, 57, 36, 59, 38, 56, 36, 59, 36, 56, 37, 58, 37, 58, 35, 56, 35, 60, 36, 55, 36, 60, 37, 59, 36, 58, 37, 60, 36, 58, 36, 57, 36, 58, 34, 55, 36, 60, 37, 56, 36, 57
36, 60, 36, 58, 36, 57, 36, 58, 36, 60, 37, 60, 36, 55, 37, 58, 37, 60, 36, 56, 35, 58, 37, 59, 36, 56, 38, 58, 37, 60, 37, 58, 36, 56, 36, 58, 36, 56, 36, 63, 36, 54, 36, 59, 36, 56, 36, 57, 37, 60, 36, 56, 36, 58, 36, 60, 37, 58, 36, 58, 36, 59, 38, 58, 36, 59, 36, 56, 37, 58, 37, 58, 36, 56, 35, 60, 36, 55, 36, 60, 37, 59, 37, 58, 37, 60, 36, 58, 36, 57, 36, 58, 34, 55, 36, 60, 37, 56, 36, 57
37, 60, 36, 58, 36, 57, 36, 58, 36, 60, 37, 60, 36, 55, 37, 58, 37, 60, 36, 56, 36, 58, 37, 59, 36, 56, 38, 58, 37, 60, 37, 58, 36, 56, 36, 58, 36, 56, 36, 63, 36, 54, 36, 59, 36, 56, 36, 57, 37, 60, 36, 56, 36, 58, 36, 60, 37, 58, 36, 58, 36, 59, 38, 58, 36, 59, 36, 56, 37, 58, 37, 58, 36, 56, 35, 60, 36, 55, 36, 60, 37, 59, 37, 58, 37, 60, 36, 58, 36, 57, 37, 58, 34, 55, 36, 60, 37, 56, 36, 58
37, 60, 36, 58, 36, 57, 36, 58, 36, 60, 38, 60, 36, 55, 37, 58, 37, 60, 36, 56, 36, 58, 37, 59, 36, 56, 38, 58, 37, 60, 37, 58, 36, 56, 36, 58, 36, 56, 36, 63, 36, 54, 36, 59, 36, 56, 37, 57, 37, 60, 36, 56, 36, 58, 36, 60, 37, 58, 36, 58, 36, 59, 38, 58, 36, 59, 36, 56, 37, 58, 37, 58, 36, 56, 35, 60, 36, 55, 36, 62, 37, 59, 37, 58, 37, 60, 36, 58, 36, 57, 37, 58, 35, 55, 36, 60, 37, 56, 36, 58
37, 60, 36, 58, 37, 57, 36, 58, 36, 60, 38, 60, 36, 55, 37, 58, 37, 60, 36, 56, 36, 58, 37, 59, 36, 56, 38, 58, 38, 60, 37, 58, 37, 57, 36, 58, 36, 56, 36, 63, 36, 54, 36, 59, 36, 56, 37, 57, 37, 60, 36, 56, 36, 58, 36, 60, 37, 59, 36, 60, 36, 59, 38, 58, 36, 59, 36, 56, 37, 58, 37, 58, 36, 56, 35, 60, 36, 55, 37, 62, 37, 59, 37, 58, 38, 64, 36, 58, 36, 57, 37, 58, 35, 55, 36, 60, 37, 56, 36, 58
37, 60, 37, 58, 37, 57, 36, 58, 37, 60, 38, 60, 36, 55, 37, 58, 37, 60, 36, 56, 36, 58, 37, 59, 36, 56, 38, 58, 38, 60, 37, 58, 37, 57, 36, 58, 36, 56, 36, 63, 37, 54, 36, 59, 36, 56, 37, 57, 37, 60, 36, 56, 36, 58, 36, 60, 37, 59, 36, 60, 36, 59, 38, 58, 36, 59, 36, 56, 37, 58, 37, 58, 36, 56, 35, 60, 36, 55, 37, 62, 38, 59, 37, 58, 38, 64, 36, 58, 36, 57, 37, 58, 35, 55, 36, 60, 37, 56, 36, 58
37, 60, 37, 58, 37, 57, 36, 58, 37, 60, 38, 60, 36, 55, 37, 58, 37, 60, 36, 56, 36, 58, 37, 59, 36, 56, 38, 58, 38, 60, 37, 58, 37, 57, 36, 58, 36, 56, 37, 63, 37, 54, 36, 59, 36, 56, 37, 57, 37, 62, 36, 56, 36, 58, 36, 60, 37, 59, 36, 60, 36, 59, 38, 58, 37, 59, 37, 57, 37, 58, 37, 58, 36, 56, 35, 60, 36, 55, 37, 62, 38, 59, 37, 58, 38, 64, 36, 58, 36, 57, 37, 59, 35, 55, 36, 60, 37, 56, 37, 58
37, 60, 37, 58, 37, 57, 36, 58, 37, 60, 38, 60, 36, 55, 37, 58, 37, 60, 36, 58, 36, 58, 37, 59, 36, 56, 38, 58, 38, 60, 37, 58, 37, 57, 36, 58, 36, 56, 37, 63, 37, 54, 36, 59, 36, 56, 37, 57, 37, 62, 36, 56, 36, 58, 36, 60, 37, 59, 36, 60, 36, 59, 38, 58, 37, 59, 37, 57, 37, 59, 37, 58, 36, 56, 36, 62, 36, 55, 37, 62, 38, 59, 37, 58, 38, 64, 36, 58, 36, 57, 37, 59, 35, 55, 37, 60, 37, 58, 37, 58
37, 60, 37, 58, 37, 57, 36, 58, 37, 60, 38, 60, 36, 55, 37, 58, 37, 60, 37, 58, 36, 58, 37, 59, 36, 56, 38, 58, 38, 60, 38, 58, 37, 57, 36, 58, 36, 56, 37, 63, 37, 54, 36, 59, 37, 56, 37, 57, 37, 62, 36, 56, 36, 58, 36, 60, 37, 59, 36, 60, 36, 59, 38, 58, 37, 59, 37, 57, 37, 59, 37, 58, 36, 56, 36, 62, 36, 55, 37, 62, 38, 59, 37, 58, 38, 64, 36, 60, 36, 57, 37, 59, 35, 55, 37, 60, 37, 58, 37, 58
37, 60, 37, 58, 37, 57, 36, 58, 37, 60, 38, 60, 36, 55, 37, 58, 37, 60, 37, 58, 36, 58, 37, 59, 36, 56, 38, 58, 38, 60, 38, 58, 37, 57, 36, 60, 36, 56, 37, 63, 37, 55, 37, 59, 37, 58, 37, 57, 37, 62, 36, 56, 36, 58, 36, 60, 38, 59, 36, 60, 36, 59, 38, 58, 37, 59, 37, 57, 38, 59, 37, 58, 36, 56, 36, 62, 36, 55, 37, 62, 38, 59, 37, 58, 38, 64, 36, 60, 36, 57, 37, 59, 35, 55, 37, 60, 37, 58, 37, 58
37, 60, 37, 58, 37, 59, 37, 58, 37, 60, 38, 60, 36, 55, 37, 58, 37, 60, 37, 58, 36, 58, 37, 60, 36, 56, 38, 58, 38, 60, 38, 58, 37, 57, 36, 60, 36, 56, 37, 63, 37, 55, 37, 59, 37, 58, 37, 57, 37, 62, 36, 56, 36, 58, 36, 60, 38, 59, 36, 60, 36, 59, 38, 58, 37, 59, 37, 57, 38, 59, 37, 58, 36, 56, 36, 62, 36, 55, 37, 62, 38, 59, 37, 58, 38, 64, 36, 60, 36, 57, 37, 59, 35, 55, 37, 63, 37, 58, 37, 58
37, 60, 37, 58, 37, 59, 37, 58, 37, 60, 38, 60, 36, 55, 37, 58, 38, 60, 37, 58, 36, 58, 37, 60, 37, 56, 38, 58, 38, 60, 38, 58, 37, 57, 36, 60, 37, 56, 37, 63, 37, 55, 37, 59, 37, 58, 37, 57, 37, 62, 36, 56, 37, 58, 37, 60, 38, 59, 36, 60, 36, 59, 38, 58, 37, 59, 37, 57, 38, 59, 37, 58, 36, 56, 36, 62, 36, 55, 37, 62, 38, 59, 37, 58, 38, 64, 36, 60, 36, 57, 37, 59, 35, 55, 37, 63, 37, 58, 37, 58
37, 60, 37, 58, 37, 59, 37, 58, 37, 60, 38, 60, 36, 55, 37, 58, 38, 60, 37, 58, 36, 58, 38, 60, 37, 56, 38, 58, 38, 60, 38, 58, 37, 57, 36, 60, 37, 56, 37, 63, 37, 55, 37, 59, 37, 58, 37, 57, 37, 62, 37, 56, 37, 58, 37, 60, 38, 59, 36, 60, 36, 59, 38, 58, 37, 59, 37, 57, 38, 60, 37, 58, 36, 56, 36, 62, 36, 55, 37, 62, 38, 59, 37, 58, 38, 64, 36, 60, 36, 57, 37, 59, 35, 55, 37, 63, 38, 58, 37, 58
37, 60, 37, 58, 37, 59, 37, 58, 37, 60, 38, 60, 37, 55, 37, 58, 38, 60, 37, 58, 36, 58, 38, 60, 37, 56, 38, 58, 38, 60, 38, 58, 37, 57, 36, 60, 37, 56, 37, 63, 37, 55, 37, 59, 37, 58, 37, 57, 37, 62, 37, 56, 37, 58, 37, 60, 38, 59, 36, 60, 36, 59, 38, 58, 37, 59, 37, 57, 38, 60, 37, 58, 36, 56, 36, 62, 36, 55, 37, 62, 38, 59, 37, 58, 38, 64, 36, 60, 36, 57, 37, 59, 35, 55, 37, 63, 38, 58, 37, 58
37, 60, 37, 58, 37, 59, 37, 58, 37, 60, 38, 60, 37, 55, 37, 58, 38, 60, 37, 58, 36, 58, 38, 60, 37, 56, 38, 58, 38, 60, 38, 58, 37, 57, 36, 60, 37, 56, 37, 63, 37, 55, 37, 59, 37, 58, 37, 57, 37, 62, 37, 56, 37, 58, 37, 60, 38, 59, 36, 60, 36, 59, 38, 58, 37, 59, 37, 57, 38, 60, 37, 58, 36, 56, 36, 62, 36, 55, 37, 62, 38, 59, 37, 58, 38, 64, 36, 60, 36, 57, 37, 59, 35, 56, 37, 63, 38, 58, 37, 58
37, 60, 37, 58, 37, 59, 37, 58, 37, 60, 38, 60, 37, 55, 37, 58, 38, 60, 37, 58, 36, 58, 38, 60, 37, 56, 38, 58, 38, 60, 38, 58, 37, 57, 37, 60, 37, 58, 37, 63, 37, 55, 37, 62, 37, 58, 37, 57, 38, 62, 37, 56, 37, 58, 37, 60, 38, 59, 36, 60, 36, 59, 38, 58, 37, 59, 37, 57, 38, 60, 37, 58, 36, 56, 36, 62, 36, 55, 37, 62, 38, 59, 37, 58, 38, 64, 36, 60, 37, 59, 37, 59, 35, 56, 37, 63, 38, 58, 37, 58
37, 60, 37, 58, 37, 59, 37, 58, 37, 60, 38, 60, 37, 58, 37, 58, 38, 60, 37, 58, 36, 58, 38, 60, 37, 56, 38, 58, 38, 60, 38, 58, 37, 57, 37, 60, 37, 58, 37, 64, 37, 55, 37, 62, 37, 58, 37, 57, 38, 62, 37, 56, 37, 58, 37, 60, 38, 59, 36, 60, 36, 59, 38, 58, 37, 59, 37, 57, 38, 60, 37, 58, 36, 56, 36, 62, 36, 55, 37, 62, 38, 59, 37, 58, 38, 64, 36, 60, 37, 59, 37, 59, 35, 56, 37, 63, 38, 58, 37, 58
37, 60, 37, 58, 37, 59, 37, 58, 37, 60, 38, 60, 37, 58, 37, 58, 38, 60, 37, 58, 36, 58, 38, 60, 37, 56, 38, 60, 38, 60, 38, 58, 37, 57, 37, 60, 37, 58, 37, 64, 37, 55, 37, 62, 37, 58, 37, 57, 38, 62, 37, 56, 37, 58, 37, 60, 38, 59, 37, 60, 36, 59, 38, 58, 37, 59, 37, 57, 38, 60, 37, 58, 36, 56, 36, 62, 36, 55, 37, 62, 38, 59, 37, 58, 38, 64, 36, 60, 37, 59, 37, 59, 35, 56, 37, 63, 38, 58, 37, 58
37, 60, 37, 58, 37, 59, 37, 58, 37, 60, 38, 60, 37, 58, 37, 58, 38, 60, 37, 58, 36, 58, 38, 60, 37, 56, 38, 60, 38, 60, 38, 58, 37, 57, 37, 60, 37, 58, 37, 64, 37, 55, 37, 62, 37, 58, 37, 57, 38, 62, 37, 56, 37, 58, 37, 60, 38, 59, 37, 60, 36, 59, 38, 58, 37, 60, 37, 59, 38, 60, 38, 58, 36, 56, 36, 62, 36, 56, 37, 62, 38, 59, 37, 58, 38, 64, 36, 60, 37, 59, 37, 59, 35, 56, 37, 63, 38, 58, 37, 58
37, 60, 37, 58, 37, 59, 37, 58, 37, 60, 38, 60, 37, 58, 38, 58, 38, 60, 37, 58, 36, 58, 38, 60, 37, 56, 39, 60, 38, 60, 38, 58, 37, 57, 37, 60, 37, 58, 37, 64, 37, 55, 37, 62, 37, 60, 37, 57, 38, 62, 37, 56, 37, 58, 37, 60, 38, 59, 37, 60, 36, 59, 38, 58, 37, 60, 37, 59, 38, 60, 38, 59, 36, 56, 36, 62, 36, 56, 37, 62, 38, 59, 37, 58, 38, 64, 36, 60, 37, 59, 37, 59, 35, 56, 37, 63, 38, 58, 37, 58
37, 60, 37, 58, 37, 59, 37, 58, 37, 60, 38, 60, 37, 58, 38, 58, 38, 60, 37, 58, 36, 58, 38, 60, 37, 56, 39, 60, 38, 60, 38, 58, 37, 57, 37, 60, 37, 58, 37, 64, 37, 55, 37, 62, 37, 60, 37, 57, 38, 62, 37, 56, 37, 58, 37, 60, 38, 59, 37, 60, 36, 59, 38, 58, 37, 60, 37, 59, 38, 60, 38, 60, 36, 56, 36, 62, 36, 56, 37, 62, 38, 59, 37, 58, 38, 64, 36, 60, 37, 59, 37, 59, 35, 56, 37, 63, 38, 58, 37, 58
37, 60, 37, 58, 37, 59, 37, 58, 37, 60, 38, 60, 37, 58, 38, 58, 38, 60, 37, 58, 36, 60, 38, 60, 37, 56, 39, 60, 38, 60, 38, 58, 37, 57, 37, 60, 37, 58, 37, 64, 37, 55, 37, 62, 37, 60, 37, 60, 38, 62, 37, 56, 37, 58, 37, 60, 38, 59, 37, 60, 36, 59, 38, 58, 37, 60, 37, 59, 38, 60, 38, 60, 36, 56, 36, 62, 36, 56, 37, 62, 38, 59, 37, 58, 38, 64, 37, 60, 37, 59, 37, 59, 35, 56, 37, 63, 38, 58, 37, 58
38, 60, 37, 58, 37, 59, 37, 58, 37, 60, 38, 60, 37, 58, 38, 58, 38, 60, 37, 58, 36, 60, 38, 60, 37, 56, 39, 60, 38, 60, 38, 58, 37, 57, 37, 60, 37, 58, 37, 64, 37, 55, 37, 62, 37, 60, 37, 60, 38, 62, 37, 56, 37, 58, 37, 60, 38, 62, 37, 64, 36, 59, 38, 58, 37, 60, 37, 59, 38, 60, 38, 60, 36, 57, 36, 62, 36, 56, 37, 62, 38, 59, 37, 58, 38, 64, 37, 60, 37, 60, 37, 60, 35, 58, 37, 63, 38, 58, 37, 58
38, 60, 37, 58, 37, 59, 37, 58, 37, 60, 38, 60, 37, 58, 38, 58, 38, 60, 37, 58, 36, 60, 38, 63, 37, 56, 39, 60, 38, 60, 38, 58, 37, 57, 37, 60, 37, 58, 37, 64, 37, 55, 37, 62, 37, 60, 37, 60, 38, 62, 37, 56, 37, 58, 37, 60, 38, 62, 37, 64, 36, 59, 38, 58, 37, 60, 37, 59, 38, 60, 38, 60, 36, 57, 36, 62, 36, 57, 37, 62, 38, 59, 37, 58, 38, 64, 37, 60, 37, 60, 37, 60, 35, 58, 37, 63, 38, 58, 37, 58
